	1V9E	2A5E	2A5E	2A5E	2A5E	2A5E	2A5E	2A5E	2A5E	2A5E	2A5E	2A5E	1YCC
	H	A	A	A	E	M	L	A	V	E	A	P	L
	94	20	20	20	26	53	62	85	95	119	132	113	89
	Osteopetrosis, autosomal recessive 3 (OPTB3) [MIM:259730]	A lung tumor	Melanoma	A biliary tract tumor	A biliary tract tumor	Melanoma, cutaneous malignant 2 (CMM2) [MIM:155601]	Melanoma, cutaneous malignant 2 (CMM2) [MIM:155601]	-	Non-small cell lung carcinoma	A biliary tract tumor	Non-small cell lung carcinoma	-	-
bulkiness	35.13513513513514	44.39102564102564	44.39102564102564	44.39102564102564	46.955128205128204	35.256410256410255	61.05769230769231	60.09615384615384	61.85897435897435	47.27564102564102	35.256410256410255	49.679487179487175	62.03703703703704
clustering_coeff	35.13513513513514	45.352564102564095	45.352564102564095	45.352564102564095	57.21153846153846	48.39743589743589	48.23717948717949	35.256410256410255	48.07692307692308	57.37179487179487	44.23076923076923	64.1025641025641	59.72222222222222
coil_tendency	35.13513513513514	35.256410256410255	35.256410256410255	35.256410256410255	35.256410256410255	47.59615384615385	44.39102564102564	45.51282051282051	47.11538461538461	35.256410256410255	45.67307692307692	64.42307692307693	50.0
compressibility	61.679536679536675	35.256410256410255	35.256410256410255	35.256410256410255	60.57692307692308	35.256410256410255	73.87820512820514	51.121794871794876	57.37179487179487	64.1025641025641	45.19230769230769	73.55769230769232	56.94444444444444
conservation_score	65.73359073359073	45.67307692307692	45.67307692307692	45.67307692307692	46.47435897435897	76.76282051282053	48.3974358974359	45.993589743589745	35.256410256410255	35.256410256410255	46.955128205128204	54.32692307692307	60.87962962962963
flexibility	35.13513513513514	49.03846153846154	49.03846153846154	49.03846153846154	35.256410256410255	59.93589743589743	47.75641025641026	48.878205128205124	46.31410256410256	67.1474358974359	45.993589743589745	74.67948717948718	58.33333333333333
hydrophobicity	35.13513513513514	35.256410256410255	35.256410256410255	35.256410256410255	53.044871794871796	35.256410256410255	58.97435897435898	35.256410256410255	60.256410256410255	58.17307692307692	47.27564102564102	44.07051282051282	63.19444444444444
molecular_weight	63.41698841698842	49.839743589743584	49.839743589743584	49.839743589743584	44.07051282051282	58.33333333333333	46.794871794871796	49.67948717948718	44.07051282051282	60.57692307692307	44.871794871794876	62.66025641025641	35.18518518518518
node_degree	35.13513513513514	77.08333333333334	77.08333333333334	77.08333333333334	57.21153846153845	35.256410256410255	60.57692307692307	49.03846153846154	45.03205128205128	56.41025641025641	67.1474358974359	46.15384615384615	49.074074074074076
node_weighted_degree	44.20849420849421	73.71794871794873	73.71794871794873	73.71794871794873	56.24999999999999	35.256410256410255	59.93589743589743	57.371794871794876	35.256410256410255	60.8974358974359	67.1474358974359	56.57051282051282	47.222222222222214
partial_specific_volume	44.20849420849421	49.35897435897436	49.35897435897436	49.35897435897436	35.256410256410255	57.37179487179487	48.717948717948715	49.358974358974365	56.41025641025641	58.33333333333333	35.256410256410255	62.01923076923077	43.98148148148148
polarity	35.13513513513514	45.83333333333333	45.83333333333333	45.83333333333333	56.730769230769226	35.256410256410255	48.878205128205124	44.39102564102564	47.11538461538461	75.32051282051283	35.256410256410255	73.71794871794873	62.5
refractive_index	57.52895752895753	59.61538461538461	59.61538461538461	59.61538461538461	35.256410256410255	35.256410256410255	70.99358974358974	35.256410256410255	35.256410256410255	49.03846153846153	35.256410256410255	59.77564102564102	47.4537037037037
residue_count	35.13513513513514	74.35897435897436	74.35897435897436	74.35897435897436	63.62179487179487	35.256410256410255	50.32051282051282	60.096153846153854	35.256410256410255	44.07051282051282	84.61538461538461	44.871794871794876	49.30555555555556
turn_tendency	35.13513513513514	35.256410256410255	35.256410256410255	35.256410256410255	35.256410256410255	44.230769230769226	35.256410256410255	44.230769230769226	48.878205128205124	35.256410256410255	45.032051282051285	61.69871794871795	71.29629629629629
